RH|360002|93600028|20251006
DH|A01|000150782599|9360002801793370147|20251004|233010|261000|000007100000|C00000000|360|5812|UKE|00093600028|00093600014|00000360002|00|9360001410085879483|28784830132878483013|233013|0210
DH|A01|1hmrh0y84993|9360002801863674121|20251004|233012|266000|000007100000|C00000000|360|5814|UMI|00093600028|00093600915|00000360003|00|9360091531776424593|28792630172879263017|307626|0210
DH|A01|AX4UEDRNDFDZ|9360002801832284127|20251004|233035|263000|000003000000|C00000000|360|5812|UMI|00093600028|00093600915|00000360003|00|9360091820039947802|29024530352902453035|421144|0210
DH|A01|000150789394|9360002801889918486|20251004|233059|261000|000004000000|C00000000|360|5814|UMI|00093600028|00093600918|00000360003|00|9360091820039947802|28932331002893233100|233059|0210
DH|A01|000150790218|9360002801882876202|20251004|233101|261000|000004000000|C00000000|360|5812|UMI|00093600028|00093600014|00000360002|00|9360001410182235035|29083631062908363106|233105|0210
DH|82243018|000150790885|9360002801640826978|20251004|233109|261000|000010000000|C00000000|360|7992|UBE|00093600028|00093600014|00000360002|00|9360001410171747651|28942031092894203109|233109|0210
DH|A01|000000000535|9360002800000000000|20251005|235722|266000|000009800000|C00000000|360|5499|UMI|00093600028|00093600914|00000360001|00|9360091430364112092|72169757227216975722|848087|0210
DH|A01|000000000535|9360002800000000000|20251005|235722|266000|000009800000|C00000000|360|5499|UMI|00093600028|00093600914|00000360001|00|9360091430364112092|72169757227216975722|848087|0210
DH|A01|000151083226|9360002800000000000|20251005|235722|266000|000009800000|C00000000|360|5499|UMI|00093600028|00093600914|00000360001|00|9360091430364112092|72169757227216975722|848087|0210
RT|360002|93600028|20251006|9|0